image_width: 640
image_height: 480
camera_name: head_camera
camera_matrix:
  rows: 3
  cols: 3
  data: [433.191238 ,0.000000 ,319.033625,0.000000 ,434.017883,236.410566,0.000000 ,0.000000 ,1.000000]
distortion_model: plumb_bob
distortion_coefficients:
  rows: 1
  cols: 5
  data: [0.083344, -0.096620, 0.005310 ,0.002913 ,0.00000]
rectification_matrix:
  rows: 3
  cols: 3
  data: [1.0, 0.0, 0.0, 0.0, 1.0, 0.0, 0.0, 0.0, 1.0]
projection_matrix:
  rows: 3
  cols: 4
  data: [440.396149 ,0.000000 ,320.597627 ,0.000000 ,0.000000 ,441.890778 ,238.270197 ,0.000000,0.000000 ,0.000000 ,1.000000 ,0.000000]
